function W = Leonardo_weights()
%#codegen
  W.hidden = 32;
  W.rank = 8;
  W.n_ticks = 10;
  W.max_delay = 6;
  W.fc_weight = [0.25 1 0 0.5;-0.25 0.125 -1 1;0.125 -0.5 1 0.5;1 0.25 0.5 -0.25;1 0.25 -0.25 0.125;-0.25 0.5 -0.5 1;-1 -0.5 -0.5 -1;-0.0625 -1 1 -1;0.5 0.125 -0.5 0.5;-0.125 1 0.25 -0.5;-0.125 -0.125 0.5 1;0.5 -0.0625 1 0;1 -0.5 -0.5 0.5;-1 1 0.25 0.0625;0.25 -0.25 1 -1;0 -0.5 0.25 -0.125;0.5 -0.125 1 -0.5;-1 -1 0.5 0.0625;1 -0.5 -1 -0.5;-1 0.5 0.25 1;-1 -1 1 0;0.5 -0.5 0.25 -1;-0.5 0.5 0.25 -0.25;0.5 1 -0.5 -0.25;0.5 -0.25 -0.5 -1;-0.5 0.25 -0.5 -0.5;0.25 -0.5 -1 -0.25;-2 -0.5 1 0.0625;0.5 -1 -1 -1;0.125 -1 0.125 0.5;0.5 -0.5 -0.25 -0.5;-0.5 -0.25 -0.25 0.5];
  W.rec_U = [-0.25 0.0625 -0.125 -0.125 -0.25 0.0625 0.25 0.0625;-0.0625 -0.125 0.125 0.0625 -0.125 -0.0625 0 -0.0625;-0.125 -0.0625 -0.125 -0.0625 -0.0625 0 0.125 0;0.125 0.0625 0.125 0.125 -0.0625 0.0625 -0.25 0;0.125 0.0625 0.125 0.25 0.125 -0.0625 0 -0.0625;0.25 -0.125 0.25 0.25 0 -0.125 -0.25 -0.25;0.25 -0.25 0.5 0.0625 0.25 -0.25 -0.5 -0.5;0.25 -0.125 0.25 0.125 0.125 -0.125 -0.25 -0.25;0.125 -0.125 0.25 0 0.5 -0.25 -0.25 -0.125;-0.125 0.25 -0.25 0 -0.125 0.25 0.25 0.25;-0.25 0.0625 -0.25 -0.125 -0.25 0 0.25 0.125;-0.125 0.25 -0.125 -0.125 0 0.0625 0.25 0.125;0.125 0.125 0.0625 0.25 0.25 0.125 0 -0.0625;0.0625 0 0.0625 0.125 -0.25 0.125 0 0.125;-0.25 0.125 -0.0625 -0.25 0.125 0.0625 0.125 0.125;-0.125 -0.0625 -0.125 0.125 -0.25 -0.125 0.0625 0;0.5 -0.25 0.25 -0.0625 0.5 -0.5 -0.5 -0.25;0.125 -0.25 0.125 0.125 0.25 -0.25 -0.25 -0.0625;0.25 -0.25 0.25 0.0625 0.125 -0.25 -0.25 -0.25;-0.0625 -0.125 0 0.125 -0.25 0 0.125 0.0625;-0.25 0.125 -0.25 -0.125 -0.0625 0.125 0.25 0.25;0.25 -0.25 0.25 0.125 0.25 -0.25 -0.25 -0.25;0.125 -0.0625 0.0625 0.5 0.0625 0.25 0 0;0.125 -0.25 0.25 0.5 0.125 -0.125 0 -0.25;-0.25 -0.0625 -0.0625 0 -0.0625 0 0.25 0;0.5 -0.25 0.25 0.25 0.25 -0.5 -0.25 -0.25;0.5 -0.5 0.5 0.5 0.25 -0.25 -0.5 -0.5;0.125 -0.25 0.25 0.125 0.25 -0.0625 0.0625 -0.125;0.5 -0.25 0.5 0.0625 0.5 -0.5 -0.5 -0.5;-0.25 0.25 -0.5 -0.25 -0.25 0.25 0.5 0.5;0.5 -0.5 0.5 0.125 0.5 -0.5 -0.5 -0.25;0 -0.0625 0.125 -0.0625 0.0625 -0.125 -0.125 -0.0625];
  W.rec_V = [0.0625 -0.25 -0.125 0.25 0.25 0.125 0 -0.125 -0.25 0.25 -0.125 -0.0625 0 0.125 -0.125 0.0625 -0.125 -0.25 -0.25 -0.125 -0.25 -0.25 1 0.25 0.25 -0.0625 -0.0625 -0.25 0 0 -0.125 0;-0.125 -0.125 -0.0625 0 0 -0.125 0 0.125 0.5 -0.125 0 0.0625 -0.125 -0.125 -0.125 0.125 0.25 0.25 -0.25 -0.25 0 -0.25 -0.25 0 -0.25 -0.125 -0.0625 0.0625 0 0 0.125 0;0.125 0.0625 0 0.0625 0 0.5 0 0 -0.0625 0.125 0 -0.0625 0.25 0.125 0 0 -0.125 -0.25 0.25 0.125 -0.25 -0.25 0.5 0.125 0.125 -0.125 0.0625 -0.125 0 -0.0625 -0.125 0;0 -0.125 -0.125 0.0625 -0.0625 0 0.0625 -0.25 -0.25 0.25 -0.125 -0.125 0.125 0.125 -0.125 0.0625 -0.25 -0.25 -0.5 0.0625 -0.25 -0.5 1 0.125 0.0625 0 -0.125 0.0625 0 0 -0.25 0;0.0625 -0.5 0.0625 0.125 -0.0625 0 -0.0625 -0.25 -0.125 0.25 -0.0625 0.25 0.0625 0.0625 -0.25 -0.0625 0.0625 -0.25 -0.0625 -0.125 -0.25 -0.25 0.0625 0.125 0 -0.25 -0.125 -0.125 -0.0625 -0.125 0 -0.0625;-0.125 -0.125 -0.0625 -0.125 0 -0.25 0 0 0.25 0 -0.125 -0.125 0.25 -0.0625 -0.125 0 0.0625 0.25 -0.5 -0.0625 0.25 0.125 0 0.125 -0.25 0.125 -0.125 0.25 -0.0625 0.125 0.25 0;-0.25 0.0625 0.0625 -0.25 -0.25 -0.25 -0.0625 -0.0625 0.0625 -0.0625 -0.0625 -0.125 0 0.0625 -0.125 -0.0625 -0.0625 0.25 -0.25 0.125 0.25 0 -0.125 -0.0625 -0.25 0.25 -0.125 0.5 0 0.0625 0.125 0;-0.125 0.125 0 -0.125 0 -0.25 0 0.125 0.125 -0.0625 -0.0625 0 0.0625 -0.125 -0.0625 -0.0625 0 0.25 -0.5 -0.0625 0.25 0.0625 -0.5 0.0625 -0.125 0.0625 0 0.25 0 0.125 0.25 0.0625];
  W.readout = [0.125 2 0 0.125 0.0625 0.5 -0.0625 0.5 0.125 -0.125 0.25 -0.25 0.125 0.5 0 1 -0.5 -0.25 0.5 1 0.25 1 -0.125 0.5 0.25 0.25 0.5 -2 -0.25 1 -0.5 0.5;-0.125 -0.25 -0.25 0.125 0.25 0.0625 0 0.25 0.25 -0.125 -0.25 0.0625 0.5 -0.25 -0.0625 0.25 0.25 0.0625 -0.125 -0.125 0 0.5 -0.25 0.0625 -0.5 -0.25 0.125 -0.5 0.125 0.25 0.0625 -0.0625;-0.5 -0.25 -0.5 -0.125 0.5 0.5 0.125 -0.5 0.125 -1 -1 -1 0.5 -0.5 -0.25 -0.25 -0.0625 0.0625 0.0625 -0.5 -1 -0.0625 -0.125 0.5 0.125 0 0.5 -0.125 0.125 -0.5 0.25 -0.125;-0.25 0.25 0.0625 -0.25 -0.125 -0.125 -0.125 0.125 -0.125 -0.5 -0.125 -0.25 0.0625 -0.5 0.25 -0.125 -0.0625 -0.25 0.25 -0.0625 0.125 0.5 -1 -0.5 -0.0625 -0.25 0 -0.5 -0.125 0.125 0.25 0.0625;-0.125 -0.5 -0.25 -0.0625 0.125 0.25 0.25 -0.125 0.5 -0.0625 -0.25 -0.0625 1 -0.25 -0.25 0.0625 0.125 -0.0625 0.5 -0.25 -0.25 0 -0.125 0.125 -0.125 0 -0.25 -0.25 0.25 -1 -0.125 0.25];
  W.delays = [3 5 1 2;2 4 4 4;2 4 0 4;5 0 5 5;1 2 2 2;4 1 4 2;0 4 0 1;0 1 0 1;2 2 1 3;1 2 5 2;0 5 1 2;0 5 3 1;2 0 0 4;2 2 3 4;4 4 5 0;4 5 0 2;0 4 4 3;5 5 4 2;4 5 4 2;3 0 3 1;3 2 0 4;0 4 2 0;5 4 5 2;4 4 3 3;5 3 4 5;2 2 3 1;3 3 5 3;1 3 0 3;1 0 3 2;2 3 4 4;2 4 5 0;1 2 4 0];
  W.base_threshold = [1.5400424003601074;0.60637873411178589;1.2149713039398193;1.3223150968551636;1.5843478441238403;1.3005355596542358;1.4105348587036133;1.0825026035308838;1.3853039741516113;1.0379821062088013;1.2504197359085083;1.158677339553833;0.93588978052139282;1.1027405261993408;1.3031506538391113;1.3676879405975342;1.6325922012329102;1.5050898790359497;1.0741523504257202;1.2025256156921387;1.0485290288925171;1.5150537490844727;0.84104228019714355;0.99839270114898682;1.5752084255218506;1.2629411220550537;1.3518692255020142;0.76825004816055298;1.4178869724273682;1.114804744720459;1.1964786052703857;1.3985182046890259];
  W.thresh_jump = [0.53961282968521118;-0.065692238509654999;0.69547575712203979;0.39467334747314453;0.27812755107879639;0.36636638641357422;0.46853935718536377;0.28439891338348389;0.26325023174285889;0.12272599339485168;0.57048964500427246;0.35351014137268066;-0.00250800303183496;-0.027677660807967186;0.63428056240081787;0.40770524740219116;0.74491316080093384;0.59902232885360718;0.20256176590919495;-0.0053168567828834057;0.3602060079574585;0.55292367935180664;-0.0063420552760362625;-0.055277645587921143;0.62946045398712158;0.42266586422920227;0.35328882932662964;-0.024216080084443092;0.47340747714042664;0.37444651126861572;0.26409748196601868;0.46853935718536377];
  W.leak_div = [8;8;8;8;8;8;8;8;8;8;8;8;8;8;8;8;8;8;8;8;8;8;8;8;8;8;8;8;8;8;8;8];
  W.param_lo = [8;0.5;1;0.30000001192092896;0.5];
  W.param_hi = [45;2.5;5;2.5;3];
  W.decode_offset = [-0.67073744535446167;-0.11699806153774261;-1.4559782743453979;-0.27981284260749817;-1.7696963548660278];
  W.logit_tau = [10;3;10;3;3];
  W.norm = [150;40;20;40];
end
