function W = Michelangelo_weights()
%#codegen
  W.hidden = 32;
  W.rank = 16;
  W.n_ticks = 10;
  W.max_delay = 6;
  W.fc_weight = [0.5 -0.5 -0.25 2;-1 0.5 -1 2;0.25 -2 1 0.5;0.5 0.25 0.125 -0.25;0.5 -0.5 -0.125 1;-1 1 -1 1;-1 -0.5 0.5 0.5;0.5 0.5 1 -1;-0.25 -0.125 -1 2;-0.5 2 0.25 -0.0625;-0.5 0.0625 0.25 1;0.25 -1 1 1;1 0.5 -0.25 0.125;-2 2 0.5 -0.25;-0.5 1 0.25 -0.5;-0.5 -0.25 1 -1;1 -0.125 0.5 -0.25;0.125 -0.25 2 -0.0625;2 0.0625 -0.25 1;-2 0.5 -0.125 2;0.5 -0.5 1 -0.5;1 0 2 -0.25;-0.25 1 0.25 0.25;1 2 -0.5 -0.125;2 1 -0.5 -0.125;-1 2 0.25 -0.125;0.5 0.5 -0.25 1;-0.5 -0.5 2 -0.0625;1 -0.5 -0.125 0.5;1 -0.0625 0.125 0.5;-0.25 1 0.25 -0.5;-1 1 0.25 0.125];
  W.rec_U = [0.125 0 0.0625 0.0625 -0.0625 -0.125 0 0 0.0625 0.0625 0 0.125 0.125 0.0625 -0.125 -0.0625;0 -0.0625 0.0625 -0.0625 0 -0.125 0.0625 -0.0625 0.0625 -0.0625 0 -0.125 0.0625 -0.0625 -0.0625 0;0.0625 0.125 -0.0625 0.0625 0.0625 0.0625 0.0625 0 -0.0625 0 0 0 0.0625 0 0 0.0625;0 0.0625 -0.0625 0.0625 0 -0.0625 0 0 0.0625 -0.0625 -0.0625 0 0.125 0.0625 -0.0625 0.0625;-0.0625 0.0625 0.0625 0 -0.0625 0 -0.0625 0.0625 -0.0625 -0.0625 0 -0.125 0 0.0625 0 0;-0.0625 0.125 -0.125 0 0.0625 -0.125 0.0625 0 0.0625 -0.125 0 -0.0625 0.125 -0.125 -0.125 0;0 -0.0625 -0.125 0 0.125 0.0625 0.0625 0.125 0 -0.0625 -0.0625 0.125 0 -0.125 0 0;-0.0625 0.125 -0.0625 0.125 0.0625 -0.25 0 -0.0625 -0.125 -0.125 -0.125 0.0625 0.0625 -0.125 -0.125 0;0 0.0625 0.0625 -0.125 -0.125 0 0 0 0 -0.0625 -0.0625 0 0 -0.0625 -0.0625 0;0 -0.0625 -0.0625 -0.125 -0.0625 -0.0625 0.0625 0 -0.0625 -0.0625 0 -0.0625 0 0.0625 0 -0.125;0 0.0625 0 -0.125 0 0 -0.0625 0.0625 0 -0.0625 0.0625 0.0625 -0.0625 -0.0625 -0.0625 0.0625;0 0.125 -0.125 0 0.125 0 -0.0625 0.125 -0.125 -0.0625 0 0.0625 0 0 0.0625 0;0 0 0 0 -0.0625 0.0625 0 0.125 0.125 -0.125 0 0.0625 0.0625 0.0625 -0.125 0;-0.0625 0 -0.0625 0 -0.0625 -0.0625 0 -0.25 0 -0.125 0 0.25 0.125 -0.0625 -0.125 0.25;0.0625 0 -0.0625 0 0 -0.0625 0 0 -0.0625 -0.0625 0 0.125 0.125 -0.0625 -0.0625 -0.25;0 0 0.0625 -0.0625 0.0625 -0.125 0.0625 0 0 0.0625 -0.0625 0 0 -0.125 0.0625 0;-0.0625 0.0625 -0.125 0.125 0 -0.125 0.125 0 -0.0625 -0.0625 -0.125 0.0625 0.25 -0.0625 -0.125 -0.125;0 0.0625 -0.0625 0 0 0 0 -0.0625 0 0 -0.0625 0 0 -0.0625 0 0;0 0 0 -0.0625 0 -0.0625 0 0.125 0 -0.0625 0.0625 0 0.125 0.0625 0 -0.125;0.0625 0 0.0625 -0.0625 -0.0625 0 0.25 0.125 0.125 -0.125 -0.125 -0.0625 -0.0625 -0.0625 -0.0625 0.0625;0.125 -0.0625 -0.0625 -0.0625 0.125 0.0625 0 0.0625 -0.0625 0 -0.0625 0.0625 0 0.25 0.0625 0.125;0.0625 0.125 0.125 0.0625 -0.0625 0 0 0 0.125 0 0.0625 0.0625 0 0 0 0.0625;0.25 0 -0.0625 0 -0.125 0.0625 0.125 0 0.0625 -0.125 0 0.0625 -0.25 0.125 0 0.125;0.0625 -0.0625 -0.125 0 -0.125 -0.125 0 0.125 0 0 0 0.25 0 -0.0625 -0.125 0.25;0 -0.125 -0.125 0.125 -0.125 0 0 0.0625 0.125 -0.125 -0.0625 -0.0625 0.125 -0.0625 0.0625 -0.125;-0.0625 0 0.0625 -0.0625 0 -0.25 0 0.0625 0 -0.0625 0 -0.0625 0.0625 0.0625 0.0625 -0.25;0.0625 0.125 -0.0625 0.0625 -0.0625 0.125 0.0625 0.0625 0.0625 -0.0625 0.125 0.0625 -0.0625 -0.0625 0 0;0.0625 0.0625 0 0.125 -0.125 0 -0.0625 -0.125 0 0 -0.125 0.0625 0.0625 0.0625 -0.125 0.125;-0.0625 0 0 0 0.0625 0.0625 0.0625 0.125 -0.0625 -0.125 -0.125 0.0625 0 0 0 0;-0.0625 0.0625 0.125 0.0625 -0.0625 -0.0625 0 0.0625 -0.0625 0 -0.0625 0 0 -0.125 -0.0625 0;0.125 0 0.0625 0 -0.0625 0 0.0625 -0.0625 0.0625 -0.0625 -0.125 0.25 0.125 0.0625 0 0.125;0 0.125 -0.0625 -0.125 0 -0.25 0.0625 0 0 -0.125 0.0625 0 0 0 0.125 0.125];
  W.rec_V = [-0.0625 0 0 -0.0625 -0.0625 0 0.5 0.0625 -0.0625 0 0 0.125 -0.0625 -0.125 -0.0625 -0.125 0.25 -0.25 -0.125 0.125 -0.0625 -0.125 -0.0625 -0.0625 0 0 -0.125 0 0.0625 -0.25 -0.125 -0.0625;0.0625 -0.125 0.0625 -0.125 -0.0625 0.125 -0.125 -0.125 -0.25 0.125 -0.125 -0.125 0 -0.0625 0.0625 0.0625 0 -0.125 -0.0625 -0.125 0 0 -0.0625 0.0625 -0.0625 0.125 0 -0.0625 0 0.25 -0.0625 0;-0.125 0.125 0.125 -0.0625 -0.0625 0 0 0.125 0.125 -0.0625 -0.125 0 -0.25 0 0.0625 0.125 -0.125 -0.0625 0 0.25 0.0625 0 -0.0625 0 -0.0625 0 -0.0625 0.0625 -0.125 0 -0.125 0;-0.0625 0 0 0 0.0625 -0.5 -0.125 0 0.125 0 0.0625 -0.0625 0.0625 -0.25 -0.0625 -0.0625 -0.0625 0.125 0.25 -0.125 0 0 -0.0625 0.25 0.25 -0.0625 0 -0.125 -0.125 0.125 0 -0.125;0.125 0 0.125 -0.125 0.125 0.25 0.25 -0.125 0.0625 0.0625 0 0.0625 0.0625 0 0 0 0.125 0 0 -0.25 -0.125 0.0625 0.0625 0.125 0.0625 -0.0625 0.0625 -0.0625 -0.0625 0.125 0 -0.125;0.25 0.125 0 0.0625 0.0625 0.25 -0.0625 -0.0625 0.125 -0.125 0 0.125 0.0625 -0.25 -0.125 0 0.125 0.125 0.125 0.0625 0 0.25 -0.0625 -0.0625 0.0625 -0.125 0 0.0625 0.125 0.25 -0.125 0;-0.0625 0 -0.0625 0.125 -0.0625 0.125 0.0625 -0.0625 0.125 0 -0.0625 0 0.0625 -0.0625 0 0 0 -0.0625 0 0.25 -0.125 -0.0625 0 -0.0625 -0.0625 -0.125 0 -0.125 0.0625 -0.0625 0 -0.125;0 0.25 -0.0625 -0.25 -0.0625 -0.25 0.0625 -0.25 0.125 -0.125 0.125 -0.125 -0.25 0 -0.0625 -0.0625 -0.25 0.5 0 -0.25 -0.125 -0.0625 0.0625 -0.0625 -0.0625 -0.0625 0 0.125 -0.25 -0.125 0.125 0.0625;0.125 0.125 0.125 -0.0625 0.0625 0.25 -0.0625 -0.0625 0.125 -0.25 0.0625 0.0625 0.0625 0 -0.0625 -0.25 0 -0.125 -0.0625 0.125 -0.0625 0 -0.125 -0.125 -0.125 -0.0625 -0.125 0 0.125 0.0625 -0.125 -0.25;-0.125 0.0625 -0.125 0 -0.125 -0.25 0.0625 0.125 0.125 0.0625 0.0625 -0.0625 -0.0625 -0.125 -0.125 -0.0625 0.0625 0.125 0.125 0.0625 0.125 0.125 0.0625 0.125 0.25 0 -0.0625 0.25 0.0625 -0.0625 0.25 -0.0625;-0.0625 0.0625 -0.125 0.25 0 0 -0.0625 0.0625 -0.125 -0.0625 0 0.0625 -0.125 0.125 0.125 -0.0625 0.0625 0.125 -0.125 0 -0.0625 0.125 -0.0625 0 -0.125 0.0625 0 0.125 -0.125 -0.125 0.0625 -0.0625;-0.125 -0.125 -0.0625 -0.0625 0 -0.125 -0.0625 -0.125 -0.125 0 -0.0625 -0.0625 0.0625 -0.0625 0 -0.25 -0.0625 -0.125 -0.125 -0.125 0 0 0 -0.0625 -0.0625 0.125 -0.0625 -0.0625 0 -0.0625 -0.0625 -0.0625;0.125 0.125 0 0.0625 0.125 -0.125 0 0 0 -0.0625 0.125 -0.0625 -0.25 0 -0.0625 -0.125 0 0.0625 0.125 0 -0.0625 -0.0625 -0.0625 0.0625 0.125 -0.0625 -0.0625 0.0625 0 -0.0625 -0.0625 0.0625;0.25 -0.125 0 0.0625 0.0625 0 0 -0.0625 -0.25 0.0625 0 0 0.125 0.0625 0.125 -0.125 0.125 0 0.0625 -0.125 0.25 -0.0625 0.125 0.0625 0 0 0.125 0.0625 -0.0625 0.0625 -0.0625 0;0 -0.25 0.125 0.0625 -0.0625 -0.125 0 0.0625 -0.25 0.125 -0.0625 0.0625 0 0.25 0.0625 -0.125 0.0625 -0.0625 -0.0625 0.0625 0 0.0625 0.125 0 0.0625 0.25 0.125 0 0.0625 0.0625 -0.0625 0.0625;-0.25 0.0625 -0.0625 -0.0625 -0.125 -0.125 -0.125 -0.125 0.125 -0.0625 -0.125 -0.125 -0.125 0 0 0.125 -0.125 -0.0625 0 -0.125 -0.125 0.125 -0.125 0.0625 0.125 -0.125 0 -0.125 -0.125 -0.125 -0.125 -0.125];
  W.readout = [0.125 1 -0.25 -0.25 0.0625 2 0.25 -0.5 0.5 1 0.5 0.125 0.5 0.5 0.25 -0.0625 -0.5 -1 0.25 1 -0.5 0.0625 0.5 0.5 0 1 0.5 -0.5 0.25 0.0625 0.25 0.5;0.125 -0.0625 0.0625 0.0625 0.125 -0.25 -0.25 0 0 -0.125 -0.125 0.0625 0.125 -0.5 -0.125 -0.0625 0.125 -0.25 0.25 -0.5 -0.0625 -0.0625 -0.125 0.25 0.25 -0.25 0.0625 -0.25 0.25 0.125 -0.0625 -0.125;-0.125 0.125 -0.5 -0.0625 0 0.0625 -0.5 -0.5 1 0.25 -0.125 -0.5 0.25 0.5 0 -0.5 -0.25 -0.25 0.5 -0.25 -0.25 -0.5 -0.125 0.25 1 0.5 0 -0.125 0.25 -0.25 0.25 0.25;0.125 0.25 0.125 -0.0625 0.125 0.25 0.125 -0.125 0.125 -1 0.0625 0.0625 -0.25 -1 -0.5 -0.25 -0.0625 0.25 0.25 0.0625 0.0625 0 -0.25 -0.25 -0.125 -2 -0.25 0.125 -0.125 0 -0.125 -0.5;0.5 -0.5 0 0.0625 0.25 -0.5 -0.25 -0.0625 -0.25 -0.0625 -0.0625 0 0.125 -0.125 0 -0.125 0.125 -0.25 0.25 -0.5 -0.0625 -0.0625 -0.0625 0.125 0.25 -0.0625 0.125 -0.25 0.125 0.125 -0.0625 0];
  W.delays = [3 5 1 2;2 4 4 4;2 4 0 4;5 0 5 5;1 2 2 2;4 1 4 2;0 4 0 1;0 1 0 1;2 2 1 3;1 2 5 2;0 5 1 2;0 5 3 1;2 0 0 4;2 2 3 4;4 4 5 0;4 5 0 2;0 4 4 3;5 5 4 2;4 5 4 2;3 0 3 1;3 2 0 4;0 4 2 0;5 4 5 2;4 4 3 3;5 3 4 5;2 2 3 1;3 3 5 3;1 3 0 3;1 0 3 2;2 3 4 4;2 4 5 0;1 2 4 0];
